321 321
0 303 330 16 275 309 619 818 825 889 248 811 549 45 447 844 939 266 560 320 142 522 300 255 821 279 656 429 86 609 855 931 596 959 421 475 507 795 545 682 123 599 224 347 225 425 340 844 771 950 732 381 964 833 52 19 42 857 904 747 44 664 567 405 56 801 452 579 671 823 320 994 876 119 55 562 853 220 333 562 627 669 639 284 146 491 25 383 217 128 752 415 679 109 994 879 642 913 755 312 744 856 953 519 869 701 792 274 81 953 407 561 353 105 889 993 515 829 140 240 277 7 327 116 595 721 670 164 505 73 465 36 263 926 721 502 921 117 415 433 262 732 845 81 892 520 306 179 64 268 767 198 401 19 172 992 658 912 701 378 219 654 248 852 770 195 994 655 59 990 550 305 959 177 842 909 883 247 725 119 76 37 171 145 77 598 836 914 283 615 196 473 50 346 877 667 60 669 916 331 987 82 785 988 230 495 801 615 976 5 508 263 868 943 528 156 350 743 794 701 535 194 595 528 452 28 886 992 356 127 154 617 529 107 369 354 990 486 981 461 507 153 651 397 234 587 752 209 78 203 947 918 754 233 579 43 226 57 350 527 416 439 673 608 507 48 790 605 962 88 944 712 935 865 49 655 443 951 459 732 358 202 815 782 80 243 545 852 82 10 815 442 237 804 966 305 9 170 51 401 769 269 145 984 934 211 659 322 353 527 482 256 968 271 244 903 102 847 657 124 316 
303 0 382 179 917 92 603 111 747 880 687 944 152 176 650 977 52 650 418 20 909 305 387 171 694 171 860 737 374 593 415 967 936 423 934 498 167 684 596 935 988 54 235 40 594 31 541 277 765 308 250 213 520 30 236 246 209 892 796 531 364 345 755 604 718 669 930 459 35 130 413 162 101 756 439 320 864 483 443 220 65 455 960 405 271 163 447 777 503 253 742 998 653 715 659 12 458 49 378 762 949 147 962 388 565 334 802 46 822 391 783 179 758 614 891 843 535 382 53 14 954 88 932 852 660 501 60 109 360 394 510 449 609 3 345 140 587 601 114 47 994 102 701 319 535 25 66 900 698 399 905 118 931 876 996 654 624 752 251 134 175 150 19 737 710 595 550 796 159 793 986 297 506 790 8 629 139 382 920 798 937 482 824 643 236 708 614 695 115 468 371 154 623 640 246 289 533 78 556 444 479 222 467 711 500 159 517 857 39 896 437 861 219 197 244 111 189 211 266 239 653 415 284 692 560 665 250 307 601 174 440 334 186 792 677 386 77 398 961 204 988 227 670 588 283 216 995 188 761 883 572 573 384 685 118 630 632 105 712 705 308 694 960 208 374 200 824 365 564 899 306 587 160 519 853 581 891 445 993 383 156 888 14 681 282 142 269 948 363 462 687 253 609 721 605 391 210 465 976 219 598 853 500 602 286 121 670 812 803 662 8 852 777 820 76 125 614 458 771 741 99 
330 382 0 558 445 320 512 689 753 448 206 121 55 777 203 302 391 713 866 159 29 583 398 515 751 342 570 744 204 786 115 862 971 777 454 261 768 998 565 561 182 178 472 770 410 381 244 114 363 134 433 374 818 414 168 598 843 935 241 39 842 424 835 330 291 409 310 849 299 135 317 384 9 119 507 287 586 354 214 652 607 105 758 341 630 619 952 951 834 466 607 476 588 614 256 158 977 539 625 992 753 198 534 404 811 600 338 624 908 156 846 135 206 569 591 335 567 249 608 949 133 453 52 400 43 101 177 82 278 686 839 526 968 492 374 887 224 977 949 43 319 335 927 332 977 161 12 743 345 982 783 601 838 405 596 298 710 99 232 491 828 886 398 358 488 793 832 333 594 614 316 532 17 703 724 48 844 683 307 402 448 190 873 362 286 263 476 440 115 736 895 51 70 818 256 281 199 628 258 303 675 578 469 556 639 961 435 44 526 979 599 421 246 144 128 795 459 651 94 409 113 732 248 259 27 134 107 195 618 975 735 521 298 553 639 738 984 285 361 263 718 87 422 241 734 107 690 715 439 695 985 227 78 415 116 371 628 16 113 73 588 805 790 417 687 388 836 814 251 457 538 587 154 667 938 12 345 815 257 400 267 828 441 772 407 993 520 539 94 52 767 102 843 844 713 242 606 320 456 547 969 638 642 636 517 821 304 525 734 374 734 372 986 351 220 265 588 452 11 947 204 
16 179 558 0 874 97 608 805 184 63 489 556 17 52 611 860 841 130 189 313 268 266 435 781 496 404 360 599 942 346 112 632 164 860 638 851 132 48 300 246 686 334 265 777 312 655 814 834 26 551 57 238 803 981 900 195 115 716 395 139 157 882 238 369 750 396 435 183 132 976 198 522 400 61 729 779 645 102 18 88 794 660 139 767 282 215 714 57 373 169 572 127 352 8 169 978 543 639 935 942 477 455 640 712 243 752 535 486 735 160 488 60 947 420 678 828 492 643 676 843 250 788 867 126 522 969 718 142 232 430 469 373 684 922 22 743 130 15 110 498 527 541 677 172 881 573 549 745 91 758 472 987 799 37 809 617 341 826 257 335 520 763 89 111 458 145 971 510 211 590 609 137 227 166 152 732 996 414 259 151 747 663 777 811 508 558 954 187 311 834 726 941 371 736 234 862 720 243 459 597 342 161 874 51 673 418 227 948 557 390 842 967 867 564 263 558 398 267 248 322 161 98 993 343 135 39 90 964 765 740 522 997 832 50 843 884 725 613 60 928 282 741 193 492 220 880 791 908 705 385 542 691 480 297 449 4 582 927 217 639 533 787 835 373 80 453 322 235 762 284 796 955 773 216 486 519 891 674 232 145 871 487 615 302 800 862 276 677 277 191 136 623 580 165 699 831 951 520 867 999 640 18 825 86 205 146 946 266 758 577 277 696 686 294 865 53 986 104 446 537 19 
275 917 445 874 0 536 558 623 206 799 741 838 83 125 732 421 835 542 358 290 141 973 854 815 466 951 223 200 541 804 825 523 693 843 258 95 632 267 742 790 654 666 599 214 294 976 881 208 717 466 874 458 240 613 971 833 588 817 452 444 517 59 713 510 554 866 707 885 607 812 281 436 170 123 619 468 227 343 174 694 574 252 49 646 126 799 333 876 988 238 485 88 955 925 223 719 63 78 988 654 175 2 603 78 546 435 53 776 548 233 26 566 384 447 690 56 285 810 160 43 737 684 755 263 102 960 334 91 290 661 825 843 818 357 616 620 177 182 149 421 46 152 424 385 575 734 299 145 932 398 204 28 677 159 656 523 888 356 282 667 230 174 643 246 239 810 897 469 861 12 761 601 199 907 379 938 608 718 737 198 946 447 378 170 699 292 400 630 223 395 688 37 144 689 464 893 845 934 222 5 112 833 495 584 695 913 647 508 750 672 17 351 90 909 819 534 138 20 530 700 21 852 275 765 946 435 145 338 578 734 468 258 289 302 586 935 151 17 197 763 538 836 353 6 462 237 769 747 794 127 671 155 774 603 143 815 481 628 325 543 774 453 970 95 780 248 458 945 561 55 387 425 50 859 448 28 4 499 430 755 149 993 625 665 227 318 332 231 885 235 222 662 701 583 349 202 84 357 121 57 406 270 117 843 701 495 989 836 626 83 238 110 382 941 387 230 679 848 76 530 870 
309 92 320 97 536 0 255 461 692 393 766 819 749 208 804 381 385 293 829 954 501 795 413 321 365 119 5 71 443 615 780 959 569 873 484 261 765 54 76 573 942 372 58 781 790 89 349 731 385 346 129 879 569 462 747 534 671 527 587 958 692 176 559 346 533 149 385 561 652 424 784 13 739 554 993 546 756 42 893 413 406 234 676 814 388 325 758 722 798 378 416 55 231 788 123 687 154 356 238 170 999 904 387 528 399 411 818 287 528 854 446 171 85 327 810 645 882 805 136 920 690 639 885 449 609 393 304 979 789 751 852 612 729 7 161 498 312 333 968 248 844 586 204 590 719 466 739 414 621 488 820 180 497 710 996 921 98 940 694 53 436 451 897 756 162 67 246 754 56 641 707 246 854 292 933 330 95 568 699 763 608 382 105 991 206 939 114 846 323 395 597 686 124 123 2 305 535 226 466 189 35 772 995 933 104 985 721 661 701 799 925 162 807 686 979 19 326 408 775 767 271 73 0 629 86 641 855 928 194 195 765 770 311 291 767 871 10 169 988 390 505 810 90 587 455 400 624 431 933 654 923 431 962 502 112 168 322 916 710 710 75 980 285 17 290 101 365 788 894 187 384 261 288 287 23 936 787 186 827 560 553 89 253 362 722 511 469 841 42 459 857 112 53 258 452 975 668 681 949 830 124 601 210 536 39 322 841 984 126 619 321 232 488 671 840 483 533 329 365 911 477 
619 603 512 608 558 255 0 120 475 768 124 752 169 434 524 894 243 491 798 947 51 705 56 889 463 942 78 741 688 907 467 5 115 813 202 836 809 713 34 586 189 286 957 334 884 889 816 40 268 534 387 658 897 327 535 600 672 266 809 842 871 969 296 243 138 17 115 598 773 626 787 220 726 819 210 200 936 786 261 135 417 572 570 64 801 398 213 606 793 709 220 823 404 56 621 505 570 777 514 937 377 827 337 669 231 536 86 252 618 962 905 983 792 515 259 617 678 662 193 797 338 39 209 492 585 978 263 84 819 933 705 829 757 355 71 58 612 297 162 127 125 873 626 9 984 178 319 600 661 795 868 376 570 438 840 694 141 399 256 187 687 483 196 507 564 190 987 816 548 251 31 545 719 418 969 35 592 398 839 47 604 407 931 345 766 595 704 385 712 818 646 159 661 121 276 857 387 979 701 664 414 5 598 400 304 797 992 672 182 831 506 632 733 867 449 144 402 261 631 693 418 509 112 125 318 192 864 631 108 762 736 771 79 85 798 125 945 212 388 357 952 818 301 946 853 899 796 693 318 305 775 982 536 994 886 232 712 596 362 639 559 795 892 960 155 313 210 213 505 441 889 229 308 567 556 622 262 780 660 625 156 120 895 209 261 541 988 539 807 529 846 122 928 795 426 380 879 788 165 766 527 524 186 982 193 379 96 286 941 282 298 755 754 977 809 406 127 522 1000 28 125 
818 111 689 805 623 461 120 0 110 137 816 917 23 480 405 863 439 123 810 88 535 421 268 911 143 545 581 64 810 162 894 753 358 254 373 833 980 382 981 418 375 252 959 669 899 898 916 679 388 343 436 17 682 476 23 598 621 741 982 131 769 84 238 248 791 71 529 515 419 802 128 635 161 267 175 696 155 588 624 980 86 919 27 43 290 266 419 347 607 169 433 360 883 572 585 935 545 878 619 642 694 560 1 595 70 72 419 856 159 855 810 255 956 894 970 777 73 871 738 677 607 500 478 75 275 243 295 444 215 445 403 868 801 345 969 804 979 497 592 647 135 713 471 22 923 618 221 803 324 722 866 579 175 411 256 450 387 197 574 258 814 465 461 414 213 314 891 41 158 875 844 982 87 833 437 698 945 773 995 735 445 926 457 331 130 532 743 517 745 958 135 152 961 8 183 266 111 188 638 451 23 115 623 337 28 410 425 135 990 651 248 112 300 493 709 146 208 62 472 67 748 483 276 807 830 756 743 533 222 49 750 791 702 863 38 596 103 543 707 324 837 889 232 751 295 514 709 630 60 180 972 544 574 91 779 725 328 194 513 959 947 223 314 173 846 846 549 292 348 243 371 229 27 804 438 325 683 20 474 748 999 501 282 901 954 363 398 281 524 733 907 571 96 73 95 104 315 541 118 130 764 664 772 690 992 709 733 857 194 782 797 771 194 853 865 580 867 11 961 715 192 
825 747 753 184 206 692 475 110 0 618 429 563 874 342 572 404 330 798 264 29 61 483 185 124 289 106 942 121 615 446 890 259 62 98 599 867 629 821 284 395 120 545 361 216 920 618 134 69 934 851 673 533 74 865 995 388 77 219 968 396 13 209 550 423 891 126 384 881 401 605 701 894 531 141 242 328 612 284 43 910 408 772 603 459 900 539 351 354 297 335 668 194 911 428 635 399 313 194 603 85 344 537 233 759 433 666 916 509 230 469 964 426 223 814 617 99 417 655 913 526 908 708 503 291 444 454 284 153 33 15 248 718 349 384 653 436 109 847 864 339 592 599 217 220 183 494 1 76 682 878 171 821 740 430 522 840 90 564 659 561 352 619 953 647 559 359 140 259 485 349 61 576 771 726 844 347 133 632 878 752 363 290 165 692 332 853 386 339 561 627 667 849 402 187 700 363 667 565 78 414 945 521 215 396 145 483 356 395 892 123 868 434 426 358 267 349 805 294 715 542 793 596 240 190 807 552 696 595 434 837 623 228 106 504 845 868 359 999 77 311 933 875 588 400 864 892 694 93 614 629 112 571 903 477 521 328 963 358 773 912 606 470 202 532 160 603 282 783 255 851 545 211 388 475 532 193 825 931 249 748 500 914 148 923 104 363 160 208 30 467 995 762 400 849 747 750 152 107 769 789 64 725 515 506 163 399 266 458 912 884 633 324 557 82 460 262 72 263 536 914 854 
889 880 448 63 799 393 768 137 618 0 407 776 131 555 528 617 448 725 818 801 241 891 416 216 956 733 377 699 796 301 405 657 584 421 488 127 907 9 22 67 211 48 819 410 693 410 461 764 117 816 113 587 458 634 321 196 80 810 228 536 569 399 24 383 569 729 65 203 38 362 221 410 483 10 213 197 211 220 944 612 102 119 948 777 564 826 162 522 44 369 723 195 642 975 39 421 656 431 230 143 281 574 30 976 499 4 679 538 19 206 811 216 547 428 561 40 65 949 746 774 196 513 823 596 384 327 401 862 706 62 639 565 598 875 716 971 916 237 983 258 570 368 87 623 888 792 720 327 421 802 120 768 511 773 853 166 181 552 652 613 325 367 116 561 657 115 530 934 518 914 238 111 946 692 496 562 124 85 424 864 837 948 359 1 941 996 523 855 71 314 551 24 50 387 584 271 678 714 306 101 678 914 524 953 809 688 584 52 640 402 185 686 141 18 0 429 895 909 558 717 460 668 234 198 108 357 204 757 89 694 658 695 717 116 507 496 501 873 135 931 238 487 354 288 361 753 564 615 327 196 51 361 778 601 78 497 866 223 619 167 94 213 548 271 28 489 591 1 191 69 502 426 238 88 190 661 754 835 930 430 770 653 718 860 299 547 522 726 272 39 385 995 28 600 950 712 667 17 574 554 177 739 116 336 87 299 530 9 424 415 523 916 408 626 273 658 903 643 420 716 772 
248 687 206 489 741 766 124 816 429 407 0 768 981 820 481 42 675 561 757 72 783 474 273 872 230 480 508 22 466 357 93 596 553 633 972 585 942 840 244 745 313 978 813 97 910 628 166 776 950 678 568 939 927 950 832 519 404 779 916 699 10 530 815 973 617 455 835 620 225 65 430 61 296 148 790 638 130 186 272 76 7 174 305 948 932 464 805 911 99 744 31 77 562 259 993 501 304 366 788 621 450 273 776 356 422 525 405 126 324 294 278 864 618 390 447 938 205 230 234 110 356 315 41 217 250 635 583 872 924 552 812 542 976 436 489 973 271 514 772 854 175 244 636 352 460 13 951 948 342 687 996 984 353 736 124 337 185 550 68 475 47 859 902 667 308 754 266 910 855 158 886 1000 549 545 663 782 276 515 345 685 780 409 867 767 417 170 428 955 366 51 557 570 205 685 52 600 563 267 418 152 997 995 416 373 362 269 863 933 174 159 78 967 789 388 671 209 869 244 716 625 11 562 641 851 711 722 971 500 58 241 727 147 723 180 806 77 73 437 206 449 594 526 409 831 786 162 814 427 967 229 22 136 45 83 183 414 236 910 87 74 14 837 437 566 746 367 507 797 125 162 316 205 540 922 303 551 800 766 189 480 201 268 646 489 89 144 22 620 414 243 311 761 954 101 573 699 687 370 372 605 119 204 918 110 443 811 868 337 623 236 991 685 663 106 812 551 170 551 923 69 508 
811 944 121 556 838 819 752 917 563 776 768 0 264 977 193 321 886 338 203 100 128 711 341 186 632 803 192 147 390 671 195 850 400 4 531 744 984 290 715 636 646 812 769 128 775 46 106 32 665 783 952 317 987 36 729 167 159 418 282 630 997 362 73 574 915 377 125 134 57 320 318 859 822 108 120 671 389 860 439 604 791 518 934 415 952 506 998 431 873 488 968 930 905 113 970 529 598 792 311 73 185 522 680 836 446 216 524 472 88 212 447 753 302 541 484 814 927 93 78 562 696 693 849 733 589 836 381 14 927 444 691 389 285 992 527 847 313 29 188 863 525 54 777 96 963 148 4 285 326 204 579 141 484 689 257 837 233 273 313 210 398 231 753 323 959 740 470 451 202 205 629 152 236 985 645 658 16 487 834 192 325 83 542 687 494 127 535 614 48 378 573 242 227 520 986 238 451 301 774 430 370 611 148 648 71 522 276 212 340 592 224 795 750 447 680 339 339 860 391 769 710 382 17 225 266 417 63 972 26 809 95 41 8 184 682 935 877 446 37 324 360 860 160 615 963 66 507 831 650 701 285 796 380 846 79 552 134 304 18 364 117 900 521 458 540 960 56 333 369 937 867 56 370 303 37 643 182 994 465 372 153 213 117 328 193 465 462 635 288 634 135 968 332 362 783 585 540 678 58 150 188 718 23 438 531 544 561 416 826 826 781 796 318 22 57 736 520 836 533 860 495 
549 152 55 17 83 749 169 23 874 131 981 264 0 962 386 377 560 205 591 249 967 463 58 336 95 318 642 282 493 89 728 569 581 626 878 908 480 115 230 667 616 625 540 945 907 624 752 489 681 248 654 929 294 268 292 56 436 23 153 88 707 39 894 778 877 996 161 194 268 437 449 27 269 678 486 812 761 734 667 228 185 434 559 852 561 8 420 333 240 629 420 19 533 889 301 402 953 775 207 819 505 464 498 144 827 173 686 172 827 789 7 820 43 290 665 839 294 85 516 554 714 890 464 697 789 326 713 924 4 225 512 100 535 89 683 757 586 885 274 940 40 238 793 604 954 670 964 79 817 157 735 440 647 515 266 430 834 126 42 971 181 497 658 863 157 37 824 222 744 69 452 226 790 4 649 807 901 542 172 701 412 280 412 641 274 503 454 895 609 29 508 231 427 311 513 398 233 886 812 962 99 49 653 196 503 136 687 487 294 527 747 760 592 699 683 393 589 143 166 361 849 799 694 543 987 78 564 284 723 30 938 774 962 921 113 710 627 143 616 963 68 887 527 47 305 281 798 735 791 373 900 754 867 710 436 689 968 56 952 838 101 772 865 687 451 842 13 78 283 282 806 383 950 962 708 779 444 137 840 484 938 635 590 373 969 54 325 558 133 388 327 281 284 102 686 898 395 458 110 194 228 448 445 237 985 90 190 510 624 422 159 919 114 32 986 830 187 712 656 389 538 
45 176 777 52 125 208 434 480 342 555 820 977 962 0 423 663 971 21 989 856 196 192 127 976 73 441 46 11 528 822 84 202 97 440 253 191 6 640 624 515 195 422 839 18 957 724 987 455 906 333 767 806 458 796 103 205 96 46 49 754 662 167 703 537 889 173 317 468 545 656 871 424 348 937 219 666 2 506 918 727 4 303 652 33 717 426 204 853 10 965 335 174 122 178 6 554 900 65 340 844 492 67 458 538 975 6 309 905 914 928 355 496 829 50 617 805 972 611 179 926 817 346 143 286 127 834 295 328 240 145 110 848 965 52 769 977 466 23 137 547 965 992 576 75 754 454 511 747 394 757 997 55 173 675 846 920 323 221 815 431 768 587 349 508 922 770 730 634 20 106 631 227 208 663 671 50 74 240 428 265 754 497 208 656 463 372 440 900 270 188 368 367 767 5 484 586 313 556 407 706 563 952 266 420 481 346 408 971 452 100 834 776 880 406 632 717 100 563 667 530 446 907 814 406 230 990 181 942 789 654 152 314 325 718 798 694 426 963 447 951 673 125 662 27 481 328 62 636 514 708 287 591 235 20 641 780 263 716 864 764 574 240 219 934 470 133 89 768 443 668 57 8 185 818 791 553 120 544 429 720 85 767 711 462 532 665 334 211 604 414 115 887 400 892 190 234 493 726 668 373 608 475 16 992 603 903 11 157 293 656 933 944 988 416 636 65 173 16 984 117 45 
447 650 203 611 732 804 524 405 572 528 481 193 386 423 0 441 873 386 538 492 561 187 601 122 118 667 762 717 882 552 351 975 453 515 240 438 155 372 44 351 851 284 822 155 302 4 26 9 739 59 219 196 366 399 824 85 280 739 73 480 115 694 149 992 672 850 410 398 286 483 265 194 277 599 165 868 32 122 755 565 258 781 344 175 226 369 951 679 561 689 591 909 744 249 144 341 89 181 635 618 878 466 378 468 266 744 448 458 231 795 771 18 683 886 702 530 255 631 815 612 80 467 935 560 123 781 557 787 373 829 836 139 614 274 679 818 254 113 201 461 764 290 549 364 637 850 89 323 335 555 340 583 28 420 735 168 897 191 832 707 531 586 29 509 601 230 104 29 403 263 661 369 331 169 674 780 207 892 271 666 0 569 919 636 152 528 968 1 870 681 588 405 639 496 660 975 129 34 900 5 224 18 678 215 432 834 184 953 504 503 537 227 586 481 583 386 755 116 712 681 585 283 475 297 280 144 281 107 748 932 246 151 515 677 755 712 226 289 813 584 455 219 607 229 4 328 702 147 562 656 793 353 981 700 48 397 745 203 667 415 276 772 439 506 315 755 530 141 392 95 733 768 961 921 344 456 664 664 608 172 663 100 319 568 146 234 590 72 782 234 915 850 721 569 190 295 844 604 147 413 847 69 502 779 929 460 35 750 413 364 590 920 749 316 178 191 505 342 479 707 882 
844 977 302 860 421 381 894 863 404 617 42 321 377 663 441 0 734 985 323 888 701 361 104 138 423 73 667 146 763 857 154 213 725 97 492 104 31 969 456 114 831 486 282 738 101 71 225 194 97 92 143 138 492 335 298 598 608 375 886 505 657 492 934 383 482 206 383 10 841 132 567 17 514 242 113 533 477 748 774 297 23 490 765 380 101 998 100 371 271 208 126 5 407 122 38 467 167 556 881 406 202 173 673 122 2 124 583 184 602 988 645 998 521 10 346 59 240 375 171 861 4 336 451 923 177 804 716 467 233 862 56 834 785 599 575 564 362 812 771 101 279 350 716 200 343 193 908 320 388 629 741 225 374 535 723 254 594 855 754 163 198 460 807 878 167 743 154 39 758 390 310 433 563 340 488 921 908 959 754 230 669 781 837 190 546 260 325 264 833 268 625 522 465 914 41 338 150 366 407 108 360 501 620 34 174 858 385 666 949 206 314 195 777 208 436 974 956 643 532 194 578 831 603 328 281 689 320 609 55 315 941 55 155 776 560 205 137 6 913 712 304 199 964 712 899 549 905 0 341 782 15 875 150 970 366 319 62 804 483 816 446 143 818 951 712 443 444 13 508 245 270 543 920 158 278 807 58 310 528 945 519 326 869 951 283 876 966 979 666 104 496 457 472 846 67 925 82 851 796 365 986 449 240 30 541 361 547 927 960 125 462 76 997 824 669 182 280 758 440 432 545 
939 52 391 841 835 385 243 439 330 448 675 886 560 971 873 734 0 788 301 609 61 635 558 309 530 838 927 450 73 52 678 489 181 722 23 687 554 476 440 375 344 610 217 429 526 556 250 647 880 504 242 904 416 15 570 22 788 711 570 580 681 4 253 264 283 745 510 5 487 93 685 988 252 80 233 453 125 279 343 350 692 272 884 840 256 140 703 848 542 251 948 112 209 954 245 399 215 783 424 228 912 197 794 729 927 95 275 408 220 303 93 950 334 698 35 647 743 339 748 103 337 941 1000 467 309 881 516 653 413 663 166 905 128 795 20 909 19 336 974 72 498 950 879 511 981 818 650 420 923 780 502 21 269 769 470 177 60 190 836 626 932 618 53 111 41 769 34 354 865 640 694 154 517 278 691 616 608 4 510 446 609 323 471 50 309 703 441 354 370 639 845 731 631 675 596 595 138 191 375 673 474 935 119 300 214 865 308 680 661 238 999 640 209 993 65 228 972 264 933 647 88 779 452 93 240 702 464 175 38 498 510 292 389 240 529 546 196 674 394 803 289 109 44 745 38 646 239 512 412 746 732 595 425 797 807 460 923 313 624 143 491 297 890 421 417 52 896 486 896 618 742 131 771 46 353 20 285 897 421 754 405 866 44 336 57 313 624 193 417 316 447 315 473 927 816 845 364 794 244 762 104 975 912 257 141 90 278 981 466 955 651 270 679 773 307 583 48 965 967 573 987 
266 650 713 130 542 293 491 123 798 725 561 338 205 21 386 985 788 0 781 516 291 607 978 838 450 272 868 500 213 333 348 952 836 231 18 36 399 265 651 173 890 249 801 674 769 223 774 624 980 641 364 221 316 89 67 52 143 700 475 844 832 308 513 264 33 780 958 620 51 515 642 958 848 311 305 400 56 358 505 635 55 287 197 770 129 928 918 660 419 878 519 60 796 84 583 198 810 629 173 484 932 79 200 317 162 285 742 904 390 399 244 77 796 787 574 85 698 658 807 681 436 319 244 757 565 146 560 657 41 717 511 465 245 131 330 336 128 703 589 636 306 857 52 116 225 96 847 683 506 487 284 272 606 748 436 944 575 246 22 111 974 749 808 528 156 636 620 794 899 451 428 74 382 297 184 623 174 536 719 513 444 999 846 726 79 174 193 173 875 606 446 451 679 144 284 20 326 779 734 127 861 622 411 971 959 74 294 177 868 348 320 702 678 949 990 894 236 505 317 240 364 854 773 97 672 83 356 890 358 640 536 706 649 71 133 237 366 445 437 465 658 137 289 443 245 245 905 196 918 988 535 837 786 268 548 632 52 752 451 418 61 691 574 875 774 831 921 656 293 292 696 892 52 151 220 994 830 44 547 108 657 575 742 537 469 440 35 374 334 830 742 845 900 229 228 455 248 307 899 429 29 567 132 170 141 915 312 253 664 413 467 165 851 365 346 95 323 780 375 664 819 
560 418 866 189 358 829 798 810 264 818 757 203 591 989 538 323 301 781 0 95 271 563 886 803 502 615 890 575 931 117 727 838 471 805 504 51 969 40 598 91 918 493 309 402 228 667 92 313 153 362 82 127 629 870 18 346 210 959 368 84 824 611 622 357 428 630 986 19 236 814 832 484 99 764 545 819 601 944 830 49 900 905 473 67 872 773 370 908 722 966 429 435 90 370 674 674 187 162 520 779 252 717 358 418 746 646 681 283 313 766 414 57 663 172 476 813 677 917 866 925 102 605 423 130 921 575 945 287 113 772 896 805 444 437 363 29 764 609 690 985 470 432 50 113 430 340 101 389 112 164 589 666 729 434 84 764 208 838 984 691 115 102 753 491 128 847 550 680 117 169 540 830 133 920 330 385 232 480 348 323 326 925 875 209 478 826 411 715 347 73 52 108 877 231 315 343 701 990 339 961 996 850 751 455 495 122 196 105 938 387 402 159 467 995 255 580 812 338 386 847 804 585 951 267 649 548 693 113 984 880 564 95 771 417 186 27 10 950 470 521 789 274 793 847 629 26 613 768 536 370 735 325 443 346 283 694 565 521 250 148 278 365 340 899 583 79 481 317 138 709 282 792 27 930 451 875 383 953 172 412 397 854 102 744 514 654 879 265 499 525 435 548 866 203 707 322 412 9 5 95 934 239 343 456 879 425 822 599 65 718 286 900 42 370 473 934 192 953 940 154 680 
320 20 159 313 290 954 947 88 29 801 72 100 249 856 492 888 609 516 95 0 352 232 381 119 973 701 35 276 913 966 125 765 33 61 74 431 448 733 182 548 850 294 662 123 661 112 22 412 830 784 548 55 105 956 330 81 751 861 218 387 586 184 805 157 100 148 284 63 728 148 997 241 929 201 92 8 583 145 708 159 734 386 508 635 496 999 652 42 831 617 567 716 371 731 941 814 385 807 929 345 752 944 370 113 255 837 253 227 954 847 908 967 350 226 668 711 443 575 439 612 403 78 156 380 947 714 723 773 871 607 877 522 861 783 422 335 65 939 540 872 477 740 550 467 26 260 424 112 475 798 934 739 723 110 486 677 189 185 54 82 124 40 736 30 424 486 616 593 372 336 486 379 490 222 667 416 255 387 496 949 325 685 369 213 659 280 434 284 182 231 404 642 850 74 723 730 987 643 736 425 894 358 29 160 806 104 63 462 185 709 37 868 862 796 899 547 852 786 543 259 967 103 616 573 969 823 231 187 845 743 343 395 554 441 794 712 45 133 75 657 894 0 258 354 79 775 313 797 724 127 556 449 771 811 959 974 578 722 759 701 970 272 167 642 343 704 498 81 890 833 732 378 969 896 660 174 215 394 404 279 919 702 49 810 526 944 709 754 703 12 332 41 517 372 483 851 265 124 200 199 257 834 841 669 751 322 180 366 51 855 712 891 66 526 5 240 691 706 784 648 192 
142 909 29 268 141 501 51 535 61 241 783 128 967 196 561 701 61 291 271 352 0 252 789 923 662 968 697 250 489 273 978 230 109 51 361 94 96 573 368 531 35 327 291 752 315 248 863 868 705 389 59 838 794 885 715 44 28 347 310 837 782 785 553 971 732 863 790 910 277 217 104 42 315 507 226 922 498 811 514 63 374 100 48 541 554 40 698 411 217 522 630 850 761 707 863 20 224 675 321 235 957 661 156 425 493 944 792 497 388 410 336 606 517 5 581 182 590 428 459 314 144 335 942 346 500 296 601 900 565 495 127 521 950 30 799 319 74 618 886 175 205 306 139 761 833 512 119 157 216 702 751 20 607 857 981 303 957 393 762 366 352 347 634 396 690 370 574 502 18 748 136 243 579 599 698 796 117 515 514 415 477 990 600 36 609 705 406 661 167 428 523 257 952 700 516 246 968 594 198 710 285 68 404 552 600 400 875 322 209 859 954 621 444 695 7 578 51 892 602 904 209 49 87 513 990 674 251 665 383 87 557 429 950 558 61 487 31 800 535 128 852 71 702 867 328 659 287 674 308 30 984 531 450 986 281 946 719 628 103 312 140 594 529 7 203 966 166 225 189 918 347 52 898 493 622 339 778 737 6 50 852 0 713 139 157 838 172 6 577 366 733 237 66 554 448 249 43 744 201 603 559 446 832 133 818 842 986 440 195 563 335 697 462 944 578 971 242 296 260 420 72 
522 305 583 266 973 795 705 421 483 891 474 711 463 192 187 361 635 607 563 232 252 0 618 197 651 500 52 120 541 878 728 142 318 831 700 225 546 452 75 70 118 878 586 564 360 718 455 207 69 42 771 255 786 398 145 184 796 371 803 66 104 75 946 571 246 702 881 500 975 474 162 999 618 698 435 972 179 408 233 998 823 669 714 718 874 948 234 641 182 556 171 554 326 918 925 428 480 528 336 664 761 804 610 476 948 685 40 971 161 96 106 987 996 335 77 129 835 9 703 658 968 33 376 98 911 640 348 337 967 603 870 938 789 365 579 758 906 683 915 781 700 859 146 415 632 841 311 442 575 700 618 406 813 930 539 829 372 392 667 62 295 107 367 534 953 956 767 563 103 71 882 399 216 966 872 956 259 375 534 880 587 81 197 241 847 2 761 833 604 921 365 631 50 268 152 87 99 495 413 968 294 662 74 81 296 350 683 705 770 369 667 725 563 353 325 797 656 969 600 872 365 93 1 805 296 622 129 486 292 392 984 198 43 785 142 762 491 187 101 461 14 56 790 142 199 464 68 514 348 571 239 299 829 758 538 480 737 831 381 185 588 939 926 884 290 953 376 853 405 180 792 265 294 795 723 487 524 197 196 423 814 249 513 262 945 671 822 374 921 54 266 94 141 62 407 29 254 94 437 428 869 762 785 683 427 11 276 537 938 849 751 898 220 881 246 386 282 290 87 840 99 
300 387 398 435 854 413 56 268 185 416 273 341 58 127 601 104 558 978 886 381 789 618 0 259 554 581 372 355 815 413 168 490 867 470 992 721 724 417 814 431 237 521 610 932 549 161 847 695 936 737 425 43 213 628 227 932 153 577 533 432 5 470 575 336 411 980 7 731 387 781 584 220 163 449 693 223 255 593 36 902 22 402 767 641 534 785 619 966 847 257 220 197 46 682 12 297 847 624 514 736 462 719 750 929 81 885 400 57 224 16 854 459 836 719 445 55 333 860 133 85 782 293 222 954 14 134 66 151 599 625 977 570 159 532 209 731 387 109 369 297 317 666 546 465 707 43 889 955 476 849 349 236 137 108 491 71 963 924 908 626 8 60 167 996 97 382 365 758 455 577 180 424 154 294 911 34 363 271 19 685 605 517 294 755 457 434 705 845 750 971 572 764 383 607 763 435 8 90 658 492 706 570 270 181 945 992 814 847 214 60 602 244 125 393 323 817 790 276 169 676 473 538 93 647 210 639 369 235 247 326 272 6 547 670 113 139 892 179 980 364 935 889 154 516 510 762 491 120 818 26 718 604 318 348 923 468 233 68 561 113 52 848 816 235 912 861 229 985 569 21 178 443 808 39 9 421 952 338 568 718 886 643 32 798 179 661 606 706 803 777 269 874 4 165 239 343 831 30 643 885 96 805 422 434 151 908 874 853 60 785 870 10 106 258 735 635 73 314 550 331 813 
255 171 515 781 815 321 889 911 124 216 872 186 336 976 122 138 309 838 803 119 923 197 259 0 321 699 953 99 270 510 318 182 464 320 911 721 390 835 518 81 797 94 615 438 306 986 54 714 205 116 837 964 291 47 899 217 403 75 183 22 225 632 846 357 526 595 833 23 921 834 114 789 723 489 113 858 263 126 973 874 682 841 264 344 135 88 830 450 854 825 626 8 821 503 320 492 644 76 875 842 788 616 802 904 73 887 826 473 641 524 571 336 958 555 921 328 404 567 361 135 780 787 572 848 223 587 147 491 250 162 892 719 147 635 474 260 856 81 386 527 646 415 103 466 242 467 702 141 101 654 588 600 333 5 690 915 22 2 123 576 802 647 37 759 900 597 835 988 560 761 535 529 970 470 69 608 114 713 482 900 795 68 519 18 366 291 802 532 827 415 551 474 483 73 488 349 525 503 183 14 273 791 729 161 115 888 488 577 960 621 285 784 630 518 108 893 509 859 799 619 836 647 576 909 993 798 726 784 194 228 49 233 907 106 85 34 19 88 725 92 809 317 981 106 898 89 976 243 175 482 867 759 222 897 268 846 932 165 189 899 765 759 711 656 222 411 308 807 308 678 28 203 41 215 973 411 251 181 339 617 901 44 533 536 352 701 868 755 777 260 922 936 262 348 567 413 760 89 210 927 985 241 902 406 55 567 418 795 592 555 628 770 928 894 970 74 136 578 730 46 803 
821 694 751 496 466 365 463 143 289 956 230 632 95 73 118 423 530 450 502 973 662 651 554 321 0 920 309 445 923 898 877 396 475 251 638 786 933 266 419 167 448 623 34 534 493 145 238 682 389 635 296 538 784 553 339 21 757 168 691 281 527 143 21 693 308 823 730 230 889 120 989 204 593 95 451 666 721 390 389 419 284 546 380 133 153 445 906 706 832 513 872 314 281 192 999 770 398 648 810 845 615 486 399 161 408 665 257 252 600 89 791 295 71 231 287 12 922 534 113 183 810 521 129 755 750 161 687 90 706 557 270 149 642 352 424 344 275 262 864 532 832 139 640 892 912 303 870 361 150 196 143 676 985 55 836 455 51 672 801 249 598 325 213 704 553 721 642 220 886 336 963 747 987 135 109 48 235 744 664 818 112 342 12 705 33 532 501 378 880 715 197 107 588 569 905 335 195 97 956 495 816 966 722 283 355 997 739 276 598 586 988 323 894 132 405 268 812 96 418 653 455 34 398 392 704 137 649 893 791 24 934 536 164 279 886 599 844 117 723 292 328 39 334 422 950 425 1000 237 27 597 943 226 489 532 865 147 700 568 809 125 599 152 711 944 899 786 243 183 614 505 218 676 832 214 848 832 411 235 256 445 919 372 741 797 797 901 880 54 427 284 304 702 775 889 522 448 596 571 960 7 742 16 855 122 79 453 980 53 711 102 960 797 338 607 49 108 189 739 903 585 23 
279 171 342 404 951 119 942 545 106 733 480 803 318 441 667 73 838 272 615 701 968 500 581 699 920 0 342 850 881 248 606 940 373 635 938 550 670 575 521 447 725 58 578 843 174 294 372 758 44 78 498 251 564 628 607 960 291 223 207 389 759 369 925 988 481 706 203 461 918 203 922 680 472 675 878 144 521 556 793 320 308 562 464 889 773 189 530 613 775 77 807 255 607 6 30 481 565 559 732 695 274 988 845 92 932 489 527 693 357 555 877 431 997 461 919 929 688 62 819 33 226 650 442 856 661 905 682 986 737 132 450 180 206 10 883 27 117 284 642 357 302 699 755 842 907 948 966 816 851 575 992 401 773 466 31 546 614 232 238 386 636 595 991 578 992 485 198 419 589 242 142 819 337 764 966 632 450 299 131 845 161 698 562 676 94 384 630 644 772 748 844 846 56 602 413 144 362 650 955 492 634 524 990 435 155 968 919 830 837 460 643 187 326 363 467 198 871 284 601 799 768 12 379 185 247 870 172 284 645 314 378 563 517 487 368 650 819 625 479 43 964 745 236 506 166 979 717 110 409 378 662 341 871 524 828 936 661 545 146 292 99 324 160 216 694 512 444 619 166 139 528 473 707 861 832 640 988 272 640 805 383 309 225 348 488 469 350 599 434 934 15 554 867 364 260 169 553 378 423 869 293 411 422 98 955 988 258 818 18 510 897 942 667 995 279 264 578 734 896 297 639 
656 860 570 360 223 5 78 581 942 377 508 192 642 46 762 667 927 868 890 35 697 52 372 953 309 342 0 744 795 992 368 577 420 859 778 312 786 526 854 205 989 362 337 429 570 124 841 545 214 922 577 106 947 164 518 735 421 69 571 675 723 27 741 704 906 892 442 665 462 321 907 284 625 193 479 595 274 338 440 788 318 531 380 147 531 335 575 58 274 78 466 283 927 616 429 282 717 163 114 554 287 541 259 740 689 609 376 538 128 304 241 671 831 762 718 202 857 262 773 172 282 245 391 670 641 382 675 234 276 374 250 860 685 678 659 507 599 196 855 51 228 704 646 467 632 748 454 451 760 304 804 641 698 958 418 873 902 946 655 491 538 605 125 520 719 803 87 867 138 575 289 536 666 107 850 880 660 938 581 107 134 234 284 697 668 737 607 345 601 203 797 928 458 995 219 438 276 141 409 317 467 264 127 58 231 509 237 403 23 475 553 877 226 527 330 101 667 645 397 390 542 406 706 347 578 462 55 437 786 852 112 944 309 432 766 294 402 170 287 793 598 188 551 552 26 946 398 929 416 969 248 611 313 125 807 802 573 876 396 810 455 696 194 635 518 272 333 775 857 28 492 251 222 255 456 347 540 707 636 124 321 910 366 1 937 329 788 666 466 68 146 43 691 975 668 438 383 499 849 488 824 198 463 495 878 474 474 343 267 217 74 235 999 959 596 252 481 672 783 367 407 
429 737 744 599 200 71 741 64 121 699 22 147 282 11 717 146 450 500 575 276 250 120 355 99 445 850 744 0 454 181 338 787 246 780 101 27 535 525 301 94 37 651 501 399 850 895 173 51 539 823 806 428 619 185 998 34 733 605 573 669 758 69 288 685 620 442 426 568 407 343 677 888 983 147 255 831 179 160 223 665 531 518 185 258 415 508 407 333 696 981 8 480 707 400 864 145 104 110 127 91 972 981 952 639 991 956 932 171 25 609 724 412 980 398 63 873 541 13 319 786 783 936 527 136 759 872 124 611 410 323 724 816 220 986 583 19 389 837 885 304 641 587 824 826 252 169 664 199 479 52 67 72 661 33 641 395 346 298 310 766 344 191 816 291 850 916 51 754 682 350 508 680 552 784 547 60 305 879 793 44 582 297 214 273 849 562 947 989 220 4 293 448 641 126 329 128 216 661 504 765 262 283 91 450 158 794 894 524 687 939 831 269 714 282 478 397 172 138 808 605 331 562 963 136 479 89 124 190 681 195 331 792 482 475 120 26 823 245 637 611 570 486 78 158 797 27 662 907 254 583 967 912 527 75 556 499 969 770 538 155 663 961 232 628 196 645 618 583 454 263 140 5 215 635 490 364 385 196 950 649 709 607 770 966 546 320 264 994 495 842 730 713 159 891 917 201 902 958 503 154 438 975 254 158 331 131 355 509 466 658 580 327 581 424 842 252 227 495 739 628 683 
86 374 204 942 541 443 688 810 615 796 466 390 493 528 882 763 73 213 931 913 489 541 815 270 923 881 795 454 0 256 806 814 669 353 342 779 496 51 311 807 294 185 306 138 750 145 981 294 252 25 557 942 707 277 31 647 128 152 585 508 895 856 364 762 893 318 775 291 764 664 213 140 200 597 608 517 270 6 558 462 238 893 987 284 713 98 489 505 806 549 912 778 633 721 809 266 189 264 145 212 164 154 484 922 363 459 58 753 808 795 728 670 459 905 931 636 453 204 909 992 842 638 818 206 470 408 699 776 153 534 133 398 68 389 64 466 252 402 275 317 214 916 422 448 589 834 859 317 919 462 788 160 170 479 205 778 372 287 498 611 765 47 183 511 31 211 879 762 170 332 273 192 37 563 274 578 264 966 350 257 404 624 671 210 623 266 778 923 423 226 494 420 320 919 403 708 458 292 908 816 406 893 828 300 191 291 233 38 168 326 452 435 652 335 463 953 353 588 59 897 530 97 878 289 852 273 815 542 413 542 977 918 500 491 232 484 741 431 497 957 746 337 305 458 372 153 30 354 372 827 817 21 12 855 983 707 661 300 783 650 839 786 40 778 412 958 623 808 2 213 109 428 798 609 534 258 800 987 313 17 281 769 675 351 674 373 877 657 672 243 563 326 164 453 29 201 118 701 294 666 0 91 910 895 945 161 609 327 334 150 282 101 950 36 7 849 770 771 943 192 380 
609 593 786 346 804 615 907 162 446 301 357 671 89 822 552 857 52 333 117 966 273 878 413 510 898 248 992 181 256 0 78 24 523 832 290 613 893 571 857 775 899 291 121 514 363 220 575 909 409 517 730 312 499 249 102 473 82 474 507 417 591 435 953 926 50 204 827 433 867 189 508 716 289 474 772 676 862 168 243 841 755 520 748 909 433 509 383 919 604 194 618 757 559 93 178 123 760 402 327 849 443 759 875 515 880 8 238 485 282 168 827 668 640 139 836 555 522 442 45 744 615 4 40 53 603 748 727 31 648 178 78 829 233 945 144 371 401 224 325 682 716 506 622 198 367 186 384 779 549 840 447 708 352 432 295 126 282 378 228 749 36 877 14 417 460 543 922 264 735 904 864 369 7 508 23 628 821 572 619 551 10 500 519 953 161 56 757 351 412 413 443 963 394 879 246 669 608 976 822 564 154 596 27 525 845 436 446 729 651 180 821 883 351 298 851 932 443 872 456 743 545 390 644 71 912 960 813 789 511 121 214 333 433 415 739 58 246 375 546 380 152 81 203 162 717 938 718 4 494 165 422 436 858 275 125 334 786 119 561 297 68 759 462 925 304 550 442 170 2 846 960 570 787 331 368 954 498 724 877 8 510 551 768 947 63 913 802 6 693 417 614 622 596 306 658 123 476 975 818 543 184 157 593 560 880 609 582 511 50 16 765 238 381 349 576 76 994 453 931 77 865 
855 415 115 112 825 780 467 894 890 405 93 195 728 84 351 154 678 348 727 125 978 728 168 318 877 606 368 338 806 78 0 551 822 828 564 946 987 256 41 311 553 818 215 643 92 404 443 844 792 570 282 912 422 65 749 223 31 215 85 881 941 666 177 755 605 340 844 393 468 352 926 238 904 569 834 654 960 655 498 808 726 719 120 326 536 963 795 474 480 787 921 37 710 864 923 871 75 408 219 302 480 429 823 760 988 618 103 420 479 668 531 362 515 105 208 289 977 557 875 679 318 859 536 306 583 369 801 828 513 380 505 313 938 899 645 470 69 416 548 348 311 649 932 967 688 152 797 276 99 821 687 43 844 735 185 431 191 932 330 892 333 839 567 138 624 454 608 408 490 730 588 838 424 709 849 642 93 752 844 331 196 829 924 164 165 465 275 152 187 750 696 63 218 339 623 893 836 614 468 426 548 84 304 470 327 755 912 359 336 179 766 996 266 188 662 577 511 658 306 719 830 756 464 85 612 592 123 789 14 923 317 144 998 987 324 10 704 759 391 935 52 507 490 947 689 54 537 566 99 157 162 772 907 965 567 38 859 761 904 237 660 143 110 960 583 451 790 792 946 381 417 687 526 347 920 651 457 764 213 742 175 102 758 516 86 400 700 902 64 230 566 621 337 536 764 353 248 382 554 220 461 271 690 204 307 886 135 625 570 579 56 763 157 502 643 697 715 80 57 122 626 
931 967 862 632 523 959 5 753 259 657 596 850 569 202 975 213 489 952 838 765 230 142 490 182 396 940 577 787 814 24 551 0 925 556 650 761 801 55 468 807 751 98 625 661 774 523 228 965 324 31 186 510 660 742 970 834 757 410 249 730 798 972 846 5 474 70 953 151 162 555 781 272 511 496 442 147 337 907 228 998 248 759 584 843 729 252 685 739 270 561 441 251 569 185 580 237 685 294 397 934 82 384 485 660 919 230 142 878 371 154 80 997 731 377 886 971 204 765 751 315 377 603 548 890 218 16 72 638 537 51 793 665 299 789 697 283 749 934 931 336 773 380 771 255 978 589 961 212 462 878 387 87 733 940 379 937 823 277 631 256 950 548 806 307 915 799 852 448 335 450 422 344 206 24 857 135 798 874 997 823 244 187 817 335 196 687 402 291 935 315 284 668 379 233 178 378 226 584 819 868 891 395 145 3 2 565 370 869 788 510 30 677 784 125 296 507 780 605 342 898 370 185 151 993 465 248 471 665 626 692 781 481 511 153 923 82 830 711 687 493 284 215 733 819 470 967 151 653 643 436 480 390 248 797 406 356 525 567 496 533 699 45 329 515 138 485 724 218 966 969 704 464 164 779 491 958 638 883 94 939 757 892 917 291 338 911 209 307 920 969 142 778 533 726 831 729 213 849 221 259 927 451 911 309 847 170 71 515 478 767 699 929 370 393 990 581 538 777 42 611 566 
