16 16
0 233 551 566 228 459 144 1 458 428 561 418 682 840 59 664 
233 0 135 368 554 296 290 354 430 434 473 812 362 513 939 842 
551 135 0 602 712 808 943 806 901 266 256 611 325 248 281 691 
566 368 602 0 393 813 929 470 418 763 881 478 402 890 922 197 
228 554 712 393 0 117 549 718 67 302 671 196 715 888 742 231 
459 296 808 813 117 0 543 781 86 693 861 530 951 189 603 579 
144 290 943 929 549 543 0 228 928 725 36 294 899 818 260 563 
1 354 806 470 718 781 228 0 754 219 700 516 559 717 783 606 
458 430 901 418 67 86 928 754 0 414 876 999 627 566 286 45 
428 434 266 763 302 693 725 219 414 0 879 614 474 588 334 109 
561 473 256 881 671 861 36 700 876 879 0 661 837 406 199 1 
418 812 611 478 196 530 294 516 999 614 661 0 369 663 373 954 
682 362 325 402 715 951 899 559 627 474 837 369 0 61 600 658 
840 513 248 890 888 189 818 717 566 588 406 663 61 0 643 180 
59 939 281 922 742 603 260 783 286 334 199 373 600 643 0 851 
664 842 691 197 231 579 563 606 45 109 1 954 658 180 851 0 
